DATO
 50,48
DATOS
 13,3,15,10,7,59,54,49,44,39,34,29,24,18,16,11,5,4
DE
 5,60,58,14,4,15,11,3,16,50,13,7,53,9,42,10,52,25,61,57,56,55,51,48,46,41,36,31,26,37,32,27,23,22,45,43,30,17,40,35,33,28,6,38,59,49,54,44,39,34,29,24,18,20,12,19,21,8,2,47,1
DEBE
 7,4,60,55,50,61,58,56,53,51,46,45,41,40,36,35,31,30,26,25,6,43,38,33,28,23,15,11,10,21,20,19,17,16,13,12,9,8,5,3,2
DEBEN
 4,60,58,55,53,50,45,43,40,38,35,33,30,28,25,23
DEBERÁ
 58,60,53,11,61,51,43,38,33,28,23,17,10,4
DECIR
 60,58
DEFECTO
 60,58,57,55,53,52,48,42,37,32,27,22,9,5,3
DEJARA
 56
DEJARÁ
 46,41,36,31,26
DEJE
 57,52,48,42,37,32,27,22,11,9,5,3
DEL
 5,4,11,18,59,54,44,39,34,33,29,24,3,49,13,60,58,55,53,35,48,40,30,7,6,45,43,38,28,16,15,14,9,61,57,52,51,42,37,32,27,22,8,56,50,46,41,36,31,26,25,23,19,17,10,1
DENTRO
 59,54,49,44,39,34,29,24,18,11,4
DEPENDERÁ
 3
DEPENDERÁN
 13
DEPENDIENDO
 5,59,57,54,52,49,48,44,42,39,37,34,32,29,27,24,22,18,15,9,3
DERECHA
 11,61,60,59,58,55,54,53,51,50,49,45,44,43,40,39,38,35,34,33,30,29,28,25,24,23,19,18,16,15
DERECHO
 16,15,10
DESACTIVADO
 57,52,48,42,37,32,27,22,11,9,5,3
DESACTIVADOS
 55
DESACTIVANDO
 53
DESACTIVAR
 53
DESAMARRE
 4,13
DESCARGA
 11,59,54,49,44,39,34,29,24,18,16,15
DESCARGADO
 11
DESCARGAR
 11,10,9
DESCARGARÁ
 3
DESCENDENTE
 57,52,48,42,37,32,27,22,15,9,5,3
DESCRIPCIÓN
 55,53,50,52,48,16,13
DESCUENTO
 11
DESDE
 7,15,11,6,5
DESEA
 16
DESEE
 13
DESHABILITACIÓN
 61,53,51
DESHABILITADO
 60,59,58,49
DESHABILITAR
 61,51,59,49,47
DESHABILITAR/HABILITAR
 61,51,47
DESHABILITARSE
 57
DESPACHO
 4
DESPLEGABLE
 19
DESPLEGANDO
 11,9,3
DESPLEGARSE
 57,52,48,42,37,32,27,22,11,9,5,3
DESPLEGARÁ
 7,11,8,61,59,56,55,54,51,49,46,44,41,39,36,34,31,29,26,24,21,20,18,17,16,15,12,10,6,2
DESPLEGARÁN
 5
DESPUÉS
 19
DESTINADO
 57,52,48,42,37,32,27,22
DESTINO
 16,15
DETALLADA
 17
DETALLE
 8,6,13,7,4,3,59,54,49,47,44,43,39,34,29,24,18,17,10,9
DETERMINADO
 16
DIFERENTES
 52,48,42,37,32,27,22,59,57,54,49,44,39,34,29,24,18,14,13,11,9,5,3
DIRECTAMENTE
 60,58,3
DIRIGIRSE
 19
DIRIJA
 61,56,51,46,41,36,31,26
DISPONIBLE
 4
DISTINTOS
 4
DIVERSAS
 60,58
DOCUMENTO
 13,5,4,7,15,11,6
DOCUMENTOS
 4,13,6
DONDE
 5,16,60,58,23,14,57,52,48,47,42,37,32,27,22,13,8,7,6
DOS
 13,7,5
DURANTE
 16,15
DÉ
 57,52,48,42,37,32,27,22,15,9,5,3
