MAESTROS
 20
MALA
 11
MANTENEDOR
 57,52,48,42,37,32,27,22,60,59,55,54,50,49,45,44,40,39,35,34,30,29,25,24,58,53,46,43,41,38,36,33,31,28,26,23,18
MANTENEDORES
 21,47,20,17
MANUAL
 1
MARCADA
 57,52,48,42,37,32,27,22,9,5,3
MARZO
 14
MAS
 9,3
MASIVA
 5
MEDIA
 13
MEDIANTE
 17,11,6,3
MENCIONADAS
 59,54,49,44,39,34,29,24,18
MENCIONADO
 17
MENCIONADOS
 47,7
MENSAJE
 60,58,55,53,50,45,43,40,38,35,33,30,28,25,23,6,61,56,51,46,41,36,31,26
MENÚ
 20,11,61,59,56,54,51,49,46,44,41,39,36,34,31,29,26,24,21,19,18,16,15,9,8,7,6,4,3,2
METRO
 14
MINUTOS
 4
MISMO
 61,56,51,46,41,36,31,26,5
MISMOS
 5
MODAL
 7,17,8,4,55,53,19,18,11,10,6
MODIFICACIÓN
 55,35,17
MODIFICADA
 60,58,50
MODIFICADO
 60,55,50,45,40,35,30,25,15
MODIFICANDO
 57,52,48,42,37,32,27,22,9,5,3
MODIFICAR
 35,50,55,40,30,60,45,25,59,54,49,44,39,34,29,24
MODIFICARLAS
 55
MOMENTO
 60,58,14,10,4,61,57,56,55,53,52,51,48,46,42,41,36,31,26,15,13,11,6,5
MOSTRADOS
 13,5
MOSTRANDO
 53,21,20,14,12,2
MOSTRARSE
 57,56,52,48,46,42,41,37,36,32,31,27,26,22,11,9,5,3
MOSTRARÁ
 60,58,55,53,50,45,43,40,38,35,33,30,28,25,23,11,9,57,52,48,42,37,32,27,22,19,14,5,3,61,56,51,46,41,36,31,26,18,16,13,10,8,4
MOSTRARÁN
 15,5,60,58,42,37,32,27,22,17,16,14,8
MOTIVO
 45,43,42,7,46,44,15,13,4
MOTIVOS
 42
MOUSE
 19
MUESTRAN
 57,52,48,17
MUESTRE
 3
MUESTREO
 10,9,2
MUESTREOS
 9
MUESTRO
 10
MÁS
 5,61,56,51,46,41,36,31,26,6,60,58,17,7,4
MÁX
 14
MÍNIMO
 13
MÓDULO
 11,53,17,3,9,5,59,57,55,54,52,49,48,44,42,39,37,34,32,29,27,24,22,18
MÓDULOS
 53,55
MÚLTIPLE
 3
