UBICADO
 11,61,60,59,58,56,55,54,53,51,50,49,46,45,44,43,41,40,39,38,36,35,34,33,31,30,29,28,26,25,24,23,20,19,18,16,15,5,4
UN
 5,60,58,11,53,16,56,46,41,36,31,4,3,61,51,26,10,42,19,17,15,9,7,59,57,54,52,49,48,44,39,37,34,33,32,29,28,27,24,22,18,14,6,55,45,40,38,35,30,13,8,50,43,25,23
UNA
 58,60,11,53,15,7,5,4,61,59,57,54,52,51,49,48,44,43,39,34,29,26,25,24,23,18,17,16,9,3,56,55,50,46,45,42,41,40,38,37,36,35,33,32,31,30,28,27,22,19,13,10,6
UNO
 5,53,20,6,4,60,58,47,21,19,15,13,12,7,2
UNOS
 16,11
USUARIO
 58,60,5,57,35,17,9,3,10,4,59,54,52,48,44,42,40,39,37,34,33,32,30,29,28,27,24,22,7,61,56,51,49,47,46,45,43,41,38,36,31,26,25,19,18,15,11,6
USUARIOS
 57,61,17
UTILIZADA
 60,58,26
UTILIZADAS
 22
UTILIZADO
 60,58,56,46,41,36,31
UTILIZADOS
 52,42,37,32,27
UTILIZARÁN
 48
