CABECERAS
 4
CABOTAJE
 16
CADA
 53,61,57,56,52,51,48,46,41,36,31,26,20,13,3,60,59,58,54,49,47,44,42,39,37,34,32,29,27,24,22,21,19,18,15,12,9,8,5,4,2
CALENDARIO
 5,10,16,15
CALIDAD
 1
CAMBIAR
 59,49
CAMBIARA
 6
CAMBIARÁ
 53,7
CAMBIE
 61,51
CAMBIO
 61,51,7,6
CAMBIOS
 17
CAMPO
 60,58,5,35,33,14,50,4,57,55,53,52,48,42,37,32,27,22,13,10,9,7,3,40,38,30,28,25,23,16,11,45,43,15
CAMPOS
 60,58,55,53,45,43,40,38,35,33,30,28,25,23,50,16,15,11,5,13,7,4,57,52,48,42,37,32,27,22,14,9,8,3
CANCELAR
 60,58,55,53,50,45,43,40,38,35,33,30,28,25,23,7
CANTIDAD
 13,9,57,52,48,42,37,32,27,22,5,3
CAPACIDAD
 14
CARA
 5
CARACTERES
 16,11
CARGA
 4,60,58,11,7
CARGADAS
 16
CARGADO
 11,7,6,5
CARGADOS
 5
CARGAR
 4,7
CARGARÁ
 16,15
CARGARÁN
 13,11
CARGAS
 3,5,2
CASO
 60,58,55,53,50,45,43,40,38,35,33,30,28,25,23,8,7,4
CHECKBOX
 61,56,51,46,41,36,31,26,5
CLICK
 60,58,11,7,53,56,55,46,41,36,31,26,15,6,61,59,54,51,50,49,45,44,43,40,39,38,35,34,33,30,29,28,25,24,23,16,10,4,3,18,17,9,5,57,52,48,42,37,32,27,22,20,19,8
CLIMÁTICA
 11
COD
 16,13
COLOR
 53
COLUMNA
 57,52,48,42,37,32,27,22,11,10,9,5,3,4
COLUMNAS
 57,52,48,42,37,32,27,22,11,9,5,3
COM
 60,58
COMENZANDO
 14
COMENZARÁ
 16,15,11
COMO
 60,58,15,53,17,16,14,10,4
COMPLETADOS
 60,58,55,53,50,45,43,40,38,35,33,30,28,25,23,10,7,4
COMPLETAMENTE
 4
COMPLETAR
 60,58,55,53,50,45,43,40,38,35,33,30,28,25,23,11
COMPLETARÁ
 14
COMPONEN
 16,13,5
COMPUESTO
 9,60,58,55,53,50,45,43,40,38,35,33,30,28,25,23,5
CON
 16,11,5,15,3,61,57,56,53,52,51,48,46,42,41,36,32,31,27,26,22,17,14,13,9,60,58,55,50,47,45,43,40,38,37,35,33,30,28,25,23,10,7,6,4
CONDICIÓN
 11
CONSIDERACIONES
 4
CONSIDERACIÓN
 60,58,55,53,50,45,43,40,38,35,33,30,28,25,23,11
CONSIDERADAS
 14
CONSTANTE
 50,49
CONSTANTES
 48,51,47
CONSTARÁ
 13,11
CONTARÁ
 11,5,16,15,9,3,57,52,48,42,37,32,27,22,13
CONTENDRÁ
 15,11,4,60,59,58,54,49,44,39,34,29,24,18,16,13,57,55,53,52,48,42,37,32,27,22,10,9,3
CONTENEDORES
 5
CONTEXTUAL
 61,59,56,54,51,49,46,44,41,39,36,34,31,29,26,24,18,8,7,6
CONTIENE
 19,17,15,13
CONTINUACIÓN
 14,59,54,49,47,44,39,34,29,24,20,18,15,13
CONTINUAR
 6,7
CONTRASEÑA
 60,58
COORDENADAS
 10
CORRECTAMENTE
 50
CORRECTO
 60,58,55,53,50,45,43,40,38,35,33,30,28,25,23,11,7
CORREGIDA
 4
CORREGIDA.EN
 4
CORREO
 60,58
CORRESPONDE
 60,58,11
CORRESPONDEN
 13
CORRESPONDER
 4
CORRESPONDIENTE
 14,11,13,9,3
CORRESPONDIENTES
 17,14,3
COSTADO
 15,5,3,61,57,56,52,51,48,46,42,41,37,36,32,31,27,26,22,16,11,10,9
CREACIÓN
 53,58,43,38,33,28,23,57,22
CREADO
 58,61,60,56,53,51,46,43,41,38,36,33,31,28,26,23
CREADOS
 4
CREAR
 58,60,57,53,47,43,38,33,28,23
CUAL
 60,58,5,11,57,53,52,50,48,42,37,32,27,22,9,3,55,38,35,25,17,16,13,10,4,61,51,45,43,40,33,30,28,23,18,15,7,59,56,54,49,46,44,41,39,36,34,31,29,26,24,19,8,6
CUALES
 5,16,6
CUALQUIER
 55
CUALQUIERA
 5,57,52,48,42,37,32,27,22,15,9,3
CUANDO
 56,46,41,36,31,26
CUANTOS
 16,11
CUATRO
 14,13
CUENTA
 60,58,61,56,51,46,41,36,31,26,17,13,7,4
CURSOR
 61,56,51,46,41,36,31,26,21,20,12,2
CUYO
 57
CÓDIGO
 35,33,25,23,7,42,37,32,30,28,4
CÓDIGOS
 4
CÓMO
 3
