SAN
 38,5
SE
 60,58,15,11,55,53,50,14,7,5,16,6,35,25,4,3,45,43,40,38,33,30,28,23,13,59,54,49,48,44,42,39,37,34,32,29,27,24,22,17,10,9,61,57,52,51,18,8,56,46,41,36,31,26,47,19,21,20,12,2
SEA
 57,56,48,46,41,36,31,26,17,16,15,5
SECCIONES
 13,14
SECCIÓN
 55,53,21,20,13,12,2
SECTOR
 47
SEGURO
 6
SEGÚN
 3
SELECCIONA
 14
SELECCIONADA
 50,25,57,52,49,48,42,37,32,27,24,22,11,9,5,3
SELECCIONADAS
 51,46,41,36,31,26
SELECCIONADO
 55,54,44,40,39,35,34,29,5,60,59,30,24,18,13,56,49,46,45,41,36,31,26,14,11,9,4,3,61,53,51,10,8,7
SELECCIONADOS
 6,61,56,17,16,15
SELECCIONAR
 5,15,14,16,7,11,10,4,61,60,58,56,51,46,41,36,31,26,13,8,6,59,57,54,53,52,49,48,44,42,39,38,37,34,32,29,27,24,22,19,18,9,3
SELECCIONARLO
 60,58
SELECTOR
 5,4,60,58,57,52,48,42,37,32,27,22,16,13,9,3,55,53,50,40,38,15,14,10,7
SELECTORES
 3
SER
 60,58,50,57,55,52,48,42,37,32,27,22,9,5,4,3,59,56,54,53,49,46,45,44,43,41,40,39,38,36,35,34,33,31,30,29,28,26,25,24,23,18,15,11,10,7
SERIE
 5
SERVICIO
 1
SERÁ
 60,58,57,52,48,42,37,32,27,22,14,9,5,4,3
SERÁN
 59,54,52,49,44,42,39,37,34,32,29,27,24,22,20,18
SESIÓN
 60,58,55,53
SI
 60,58,6,14,5,4
SIDO
 15,60,58,57,52,50,48
SIEMPRE
 60,58,56,46,41,36,31,26,4
SIENDO
 56,46,41,36,31,26
SIGNO
 7,4
SIGUIENTE
 14,13,16,15,11
SIGUIENTES
 16,15,5,4,60,58,57,55,53,52,50,48,45,43,42,40,38,37,35,33,32,30,28,27,25,23,22,17,13,11,10,9,7,3
SIN
 43,60,58,55,53,50,45,40,38,35,33,30,28,25,23,4
SISTEMA
 47,4,5,60,58,53,52,48,11,59,57,54,49,44,42,39,37,34,32,29,27,24,22,20,18,17,13,12,10,3,2
SISTEMAS
 20
SITIO
 38,40,16,37,53,41,39,13,12,5,4
SITIOS
 37,5,16,4
SOBRE
 60,58,49,11,59,54,44,39,34,29,24,7,53,18,55,50,15,56,46,45,43,41,40,38,36,35,33,31,30,28,26,25,23,19,17,16,10,6,61,51,20,5,4,3,57,52,48,42,37,32,27,22,21,12,9,8,2
SOLICITADOS
 10,7
SOLICITANDO
 7
SOLICITARÁ
 10,7,4
SOLICITUD
 9,4
SOLO
 50,7,61,57,56,53,51,46,41,36,31,26,15,4,60,59,58,55,54,49,45,44,43,40,39,38,35,34,33,30,29,28,25,24,23,18,16,10,8,6,5
SOLTARLA
 60,58
SON
 13,5,16,4,59,54,49,47,44,39,34,29,24,18,15,14,11,3
SU
 60,58
SUBIDA
 11,4,3,60,58,7
SUBIDO
 11
SUBIR
 11,4,7
SUBIÓ
 11
SUPERIO
 50
SUPERIOR
 11,16,15,5,3,61,60,59,55,54,51,49,45,44,40,39,35,34,30,29,25,24,20,19,18,17,14,13,10,7,6,4
SWITCH
 57,55,53,52,48,42,37,32,27,22,11,9,5,3
SÓLO
 7,4
