FACILITARÁN
 5
FALSO
 13,16,14
FECHA
 5,10,17,15,13,9,4,22,16,3
FECHA/HORA
 9,3
FECHAS
 5,16,15,10,9,4
FIGURA
 11,16,13,7,14,5,15,57,52,48,42,37,32,27,22,17,9,6,4,3,19,10,8,61,60,59,58,56,55,54,53,51,50,49,47,46,45,44,43,41,40,39,38,36,35,34,33,31,30,29,28,26,25,24,23,21,20,18,12,2
FILA
 10
FILAS
 48,9,5,3,57,52,42,37,32,27,22,4
FILTRAR
 15,16,5,17
FILTRO
 5,3,57,52,48,42,37,32,27,22,17,16,11,9
FILTROS
 5,17,15,14,16,13,57,52,42,37,32,27,22
FIN
 14,16,15,10,9,5
FINAL
 14,10,5
FINALIZAR
 60,58,55,53,50,45,43,40,38,35,33,30,28,25,23
FINO
 5
FLECHA
 57,52,48,42,37,32,27,22,9,5,3,15
FORMA
 5,60,58,14,3,57,52,48,42,37,32,27,22,9,55,53,50,45,43,40,38,35,33,30,28,25,23,21,20,17,15,12,11,10,6,4,2
FORMAN
 8
FORMAS
 60,58
FORMATO
 60,58,3
FORMULARIO
 60,58,55,53,50,45,43,40,38,35,33,30,28,25,23,59,54,49,44,39,34,29,24,11
FRENTE
 14,12
FUERON
 14
FUNCIONA
 3
FUNCIONAMIENTO
 59,54,49,48,44,39,34,29,24,18,9
FUNCIÓN
 11,3
FÁCILMENTE
 13
