LA
 11,5,4,3,16,60,50,58,9,25,23,7,57,53,15,14,13,48,10,61,56,55,52,51,46,45,43,42,41,37,36,32,31,27,26,22,19,6,49,40,38,35,33,30,28,24,18,17,59,54,44,39,34,29,20,12,8,21,2
LADO
 53,17
LAMBDA
 14
LAS
 15,4,16,59,54,49,48,46,44,41,39,36,34,31,29,26,24,18,56,51,22,17,14,13,11,61,60,58,57,55,53,52,42,37,32,27,19,9,5,3
LATERAL
 4
LE
 15,13,11,57,52,48,42,37,32,27,22,16,10,9,5,3
LECTURA
 50
LES
 55
LIMPIAR
 15
LISTA
 59,54,49,44,39,34,29,24,19,18
LISTADO
 11,5,3,9,57,52,48,42,37,32,27,22,15,16,61,59,56,54,51,46,44,41,39,36,34,31,29,26,24,18,49,17,19,10,7,6,60,58,55,53,50,45,43,40,38,35,33,30,28,25,23,13,8,4
LLAMADO
 7
LO
 37,60,58,57,52,48,42,32,27,22,4
LOG
 17,18,19
LOGUEADO
 59,54,49,44,39,34,29,24,18
LOS
 5,4,15,16,13,17,57,53,52,42,32,27,14,11,10,3,60,58,55,37,22,59,54,49,48,45,44,43,40,39,38,35,34,33,30,29,28,25,24,23,18,9,7,50,47,8,6,61,56,21,20,19,12,2
LUEGO
 8,7,6,5
