VACÍOS
 8,4
VALIDACIONES
 4,48
VALIDACIÓN
 4
VALIDAD
 5
VALIDADO
 4,60,58,5
VALIDAR
 3
VALOR
 35,33,50,48,60,58,4
VALORES
 14
VARÍAN
 3
VENTANA
 60,58,7,4
VER
 8,13,57,52,48,6,3,59,54,53,49,44,42,39,37,34,32,29,27,24,22,18,16,9,7,5
VERLA
 53
VERSE
 61,57,52,51,48,42,37,32,27,22,9,5,3
VERÁ
 42,37,32,27,22,15
VEZ
 7,60,58,11,4,61,59,56,55,54,53,51,49,46,45,44,43,41,40,39,38,36,35,34,33,31,30,29,28,26,25,24,23,19,18,17,13,10,9,6,5,3
VIAJE
 13,4
VICENTE
 38,5
VISIBLE
 60,58,53
VISIBLES
 59,57,54,52,49,48,44,42,39,37,34,32,29,27,24,22,18,9,5,3
VISTA
 16,15,55,53
VISUALIZAR
 19,18,8
VISUALIZARÁ
 35,25
VOLVER
 53,15
VT
 13
VTMI
 35,33
VTMS
 35,33,32
VTPI
 35,33,32
VTPS
 35,33,32
VÁLIDA
 4
