PANTALLA
 60,58,55,53,50,45,43,40,38,35,33,30,28,25,23,16,15,19,61,51,20,17,14,13,11,10,9,8,4,3
PARA
 60,58,11,61,56,51,46,41,36,33,31,28,26,23,55,53,38,19,10,7,4,50,48,45,43,40,35,30,25,9,6,5,3,57,52,42,37,32,27,22,21,20,15,14,13,12,8,2
PARTE
 11,16,13,15,5,4,3,61,60,58,56,55,53,51,50,46,45,43,41,40,38,36,35,33,31,30,28,26,25,23,19,17,14,10,8,7,6
PARTIR
 10
PDF
 10,16,15
PERFIL
 53,55,60,58,54,59,57,56,52,49,44,39,34,29,24,18,17
PERFILES
 52,60,58,56,47
PERIODO
 14,16,15
PERMITE
 60,58
PERMITIENDO
 4,59,55,54,49,44,39,34,29,24,3
PERMITIRÁ
 35,33,5,3,60,58,57,13,10,9,7,4,55,53,52,48,42,40,38,37,32,27,22,15,11,61,59,56,54,51,49,46,45,44,43,41,39,36,34,31,29,26,24,17,16,8
PERMITIRÁN
 5,15
PERMITIÉNDOLE
 16,15,13
PERO
 6
PERTENECIENTES
 57
PLANTILLA
 11,3
PODER
 5
PODRÁ
 5,50,16,14,60,58,57,52,48,33,30,28,23,3,42,37,35,32,27,25,22,19,13,11,9
PODRÁN
 59,54,49,44,39,34,29,24,18,57,13
POR
 5,16,9,48,14,60,58,57,52,42,37,32,27,22,11,3,55,53,43,38,33,28,23,10,4,50,45,40,35,30,25,19,17,15,13,12
POSAR
 19
POSEA
 8
POSEAN
 6
POSEE
 3
POSEEN
 6,57,52,48,42,37,32,27,22,11,9,5,3
POSICIONAR
 21,20,12,2
POSTERIORES
 14
POSTERIORMENTE
 48
PRE
 3
PREGUNTARÁ
 6
PRESENTES
 57,52,48,42,37,32,27,22,11,9,5,3
PRESIONAR
 50
PRESIONARÁ
 60,58,55,53,45,43,40,38,35,33,30,28,25,23
PRESIONE
 19
PREVIA
 16,15
PREVIAMENTE
 4
PRIMERA
 13,4
PRIMERO
 61,60,57,56,55,52,51,50,48,46,45,42,41,40,37,36,35,32,31,30,27,26,25,22,11,7
PRINCIPAL
 3,1,60,58,55,53,50,48,45,43,40,38,35,33,30,28,25,23,19,11,9,5
PROCEDER
 61,56,51,46,41,36,31,26
PROCEDERÁ
 4
PRODUCTO
 35,33,16,13,36,34,32,12,8
PRODUCTOS
 32,16,14,13,8
PROMEDIO
 13
PRONTO
 4
PROVEER
 3
PTH
 28
PUBLICACIÓN
 6
PUBLICADO
 6,13,5
PUBLICAR
 6,5,3
PUDIENDO
 47
PUEDE
 60,58,57,52,48,42,37,32,27,22,15,11,9,7,5,3,59,56,54,53,50,49,46,44,41,39,36,34,31,29,26,24,18,10,6,4
PUEDEN
 61,59,56,55,54,51,49,46,44,41,39,36,34,31,29,26,24,18,16,15,11
PUERTO
 28,30,5,13,27,10,38,16,15,14,4,40,11,9,45,37,33,31,29,3
PUERTOS
 5,27,4
PÁGINA
 1,57,52,48,42,37,32,27,22
PÁGINAS
 9,5,3
