T
 4
TABLAS
 13,4
TALCAHUANO
 10
TAMBIÉN
 10,61,60,58,57,52,51,48,42,37,32,27,22,17,13,11,9,7,6,5,3
TE
 13
TENDRÁ
 53,3
TENER
 4,60,58,55,53,50,45,43,40,38,35,33,30,28,25,23,13,11,7
TERMINO
 17
TEXTO
 60,58,55,53,50,33,30,28,23,45,43,40,38,35,25,5
TIEMPO
 13,14,61,56,51,46,41,36,31,26,16,15
TIEMPOS
 14,11,13,5
TIENE
 53,17
TIPO
 5,60,58,50,15,10,59,57,54,49,48,44,39,34,29,24,18,16
TNT
 11,2
TO
 13
TO)(B
 13
TODA
 18,16,8
TODAS
 15,16,56,55,53,46,41,37,36,32,31,27,26,22,17,11
TODO
 60,58,55,53,45,43,40,38,35,33,30,28,25,23,13,11
TODOS
 55,60,58,53,45,43,40,38,35,33,30,28,25,23,5,59,54,50,49,44,42,39,34,29,24,18,17,14,11,10,9
TOM
 13
TOMA
 14
TONELADAS
 16,14,13,12
TONELAJE
 16
TONS
 5
TONS/CONTENEDORES
 5
TOTAL
 14
TOTALES
 13,16
TPO
 13
TRAM
 13
TRANSFERENCIA
 13
TRANSFERIDAS
 14
TRAS
 60,58,55,53,50,45,43,40,38,35,33,30,28,25,23,11,10,6,4,61,51,19,15,8,7,5
TRG
 13,5,4
TRIMESTRE
 14,4,3
TRIMESTRES
 14,4
TUVIERA
 60,58
