EDICIÓN
 60,55,50,45,40,30,25,35,59,58,54,53,49,44,39,34,29,24
EDITAR
 60,55,50,45,40,35,30,25,59,54,53,49,47,44,39,34,29,24
EFECTIVA
 14
EJECUCIÓN
 9
EJEMPLO
 60,58,14,43,38,33,28,23,10,5
EJEMPLO@EJEMPLO.COM
 60,58
EL
 5,60,58,11,53,3,33,7,4,50,35,10,9,55,37,52,48,42,32,28,27,22,57,38,30,25,61,56,51,46,41,40,36,31,26,23,6,59,45,43,15,14,54,49,44,39,34,29,17,13,24,18,16,19,20,8,2,21,12
ELEMENTO
 56,46,41,36,31,26,61,59,54,51,49,44,39,34,29,24,19,18
ELIMINACIÓN
 56,53,46,41,36,31,26,17
ELIMINADA
 26
ELIMINADO
 56,46,41,36,31,26
ELIMINAR
 56,46,41,36,31,26,54,44,39,34,29,24,47
ELLAS
 56,46,41,36,31,26
ELLO
 61,56,55,51,46,41,36,31,26,15,7,4
ELLOS
 53,13
EMAIL
 60,58,57
EMBARQUE
 14
EMERGENTE
 60,58
EN
 60,58,5,11,4,53,50,16,35,30,25,3,61,51,33,28,23,14,52,45,42,40,37,32,27,22,13,9,57,56,55,48,46,43,41,38,36,31,26,15,7,17,10,8,6,59,54,49,44,39,34,29,24,20,18,47,19,12,2,21
ENCABEZADO
 4
ENCABEZADOS
 57,52,48,42,37,32,27,22,15,9,5,3
ENCIMA
 5
ENCONTRARSE
 16,15,11,4
ENCONTRARÁ
 7,3,16,6,5,61,57,55,52,51,48,42,37,32,27,22,15,14,13,11,9,8
ENCONTRARÁN
 14,15,16,13,5,47
ENCUENTRA
 17,61,60,58,55,53,51,50,45,43,40,38,35,33,30,28,25,23,16,15,11
ENCUENTRAN
 56,46,41,36,31,26,11
ENERO
 14
ENERO-MARZO
 14
ENTRE
 56,46,41,36,31,26
ENVIADO
 4
ERRORES
 4
ERRÓNEAS
 4
ES
 60,58,4,61,56,51,46,42,41,37,36,32,31,27,26,22,21,20,15,12,11,7,5,3,2
ESA
 6
ESCOGER
 4,7,6,5
ESCRIBIR
 60,58
ESCRITA
 60,58
ESE
 16,15,5
ESLORA
 14,13,5,4
ESLORA/TRG
 5
ESPECIFICAR
 16
ESPECÍFICA
 5
ESPECÍFICO
 5,16,13,11
ESPERA
 13,4
ESPÍA
 4,13
ESQUINA
 61,59,54,51,49,44,39,34,29,24,20,18
ESTA
 7,61,59,54,51,49,44,39,34,29,24,21,15,11,9,8,6,60,58,57,56,55,53,46,41,36,31,26,18,16,13,12,5,2,52,50,48,45,43,42,40,38,37,35,33,32,30,28,27,25,23,22,20,17,10,4,3
ESTABLECIDO
 3
ESTADO
 6,7,5,61,60,59,58,57,51,50,49,48,3
ESTADOS
 5
ESTADÍSTICA
 14
ESTADÍSTICO
 14,12
ESTAR
 4,60,58,55,53,45,43,40,38,35,33,30,28,25,23,50,11
ESTARÁ
 60,58,53,38,55,50,45,43,40,35,33,30,28,25,23,11,10,9,5
ESTARÁN
 16,14
ESTAS
 16,11,60,59,58,57,54,52,49,48,44,42,39,37,34,32,29,27,24,22,18,15,13,9,5,4,3
ESTE
 11,3,15,60,14,13,10,9,58,42,37,35,33,32,27,22,5,4,57,52,16,48,40,30,59,55,54,49,45,44,39,38,34,29,28,25,24,18,17,61,56,53,51,50,46,43,41,36,31,26,20,19,8,7
ESTO
 11,61,51,6,5,60,59,58,57,56,55,54,53,52,50,49,48,46,45,44,43,42,41,40,39,38,37,36,35,34,33,32,31,30,29,28,27,26,25,24,23,22,18,15,10,9,8,7,4,3
ESTOS
 15,5,47,20,14,13,4,21,12,11,3,2
ESTÁ
 42,37,32,27,22,6
ESTÁN
 21,20,12,5,2
ESTÉ
 56,46,41,36,31,26
ESTÉN
 53,5
ETC
 53,48
EVENTO
 19
EVENTOS
 17,19,18
EXCEL
 11,4,59,54,49,44,39,34,29,24,18,16,15,7,3,5
EXCLUIDAS
 15,16,12,11
EXCLUIDO
 7,13,5
EXCLUIR
 7,42,5
EXCLUSIÓN
 42,7,45,43,15,5
EXISTEN
 60,58,55,53,50,45,43,40,38,35,33,30,28,25,23
EXISTENTES
 42,37,32,27,22,5,60,59,58,57,54,53,52,49,48,44,39,34,29,24,21,20,18,12,9,4,3,2
EXISTIR
 4
EXITOSAMENTE
 60,58,55,53,45,43,40,38,35,33,30,28,25,23,11
EXPLICADOS
 20
EXPLICARÁ
 59,54,49,44,39,34,29,24,18,9,3
EXPLICARÁN
 47
EXPORTACIÓN
 53
EXPORTADO
 16
EXPORTAR
 59,54,49,44,39,34,29,24,18,16,15,11
EXTENSIÓN
 4
EXTRANET
 57
