A
 4,15,50,16,14,5,59,57,53,49,13,11,60,58,54,44,39,34,29,24,19,18,9,7,3,61,56,55,52,51,48,47,46,45,43,42,41,40,38,37,36,35,33,32,31,30,28,27,26,25,23,22,21,20,17,10,6
ABAJO
 57,52,48,42,37,32,27,22,15,9,5,3
ABRIL
 14
ABRIL-JUNIO
 14
ABRIRÁ
 4,60,59,58,54,53,49,44,39,34,29,24,18,11,7
ACCEDER
 5,21,20,12,2
ACCION
 49
ACCIONES
 59,54,44,39,34,29,24,18,49,16,15,56,46,41,36,31,26,11,61,55,53,51,19,17
ACCIÓN
 7,61,59,54,51,49,44,39,34,29,24,8,6,56,46,41,36,31,26,18,57,17,11,9
ACOMPAÑAN
 55
ACTIVADOS
 55
ACTIVANDO
 53
ACTIVARLA
 53
ACTIVOS
 53
ACTUAL
 60,58
ACTUALIZACIÓN
 22
ACTUALIZARÁ
 6
ACUERDO
 10,9
ADELANTE
 9,3
ADEMÁS
 11,7,5,57,56,52,48,46,42,41,37,36,32,31,27,26,22,16,15,10,9,6,4,3
ADICIONALES
 16,15,11
ADVERTECIA
 6
ADVERTENCIA
 6
ADVERTIRÁ
 6
AGREGAR
 60,58
AGRUPACIÓN
 16
AGRUPADAS
 16,14
AGRUPADOS
 21,20,14,12,2
AL
 58,60,15,11,10,5,53,42,3,52,48,37,32,27,22,9,4,57,56,54,46,44,41,39,36,34,31,29,26,24,16,14,7,6,59,49,35,61,55,51,18,17,13,40,38,47,45,43,20,8
ALFANUMÉRICO
 60,58,50
ALGUNO
 15
ALGUNOS
 21,20
ALIAS
 30,28,27
AMARRE
 13,4
ANALISTA
 5,4
ANTERIOR
 19,11
ANTERIORMENTE
 60,58,13,5
ANTES
 59,54,49,44,39,34,29,24,18,17,7
ANUAL
 14
APARECEN
 4
APARECERÁ
 57,52,48,42,37,32,27,22,15,9,6,5,3
APARECERÁN
 10
APLICACIÓN
 17
APUNTARA
 57,52,48,42,37,32,27,22,9,5,3
APUNTARÁ
 15
AQUÍ
 60,58
ARCHIVO
 4,11,7,3,5,59,54,50,49,44,39,34,29,24,18,16,15,10
ARCHIVOS
 20,60,58,3
ARRASTRANDO
 60,58
ARRIBA
 57,52,48,42,37,32,27,22,15,9,7,5,3
ASCENDENTE
 15,57,52,48,42,37,32,27,22,9,5,3
ASIGNAR
 53
ASOCIADA
 58,50
ASOCIADAS
 56,53,46,41,36,31,26,15
ASOCIADO
 50,53,60,58,38,13,4
ASOCIADOA
 55
ASOCIADOS
 4,13,5
ASÍ
 5,60,58,55,53,50,45,43,40,38,35,33,30,28,25,23,4
AT
 14
ATRAQUE
 14,13,9,12,10,8,7,6,5,4,2
ATRAQUES
 5,13,14,6,42,37,32,27,22,15,10,9,4,2
AUTOCOMPLETADO
 13
AUTOMÁTICA
 14,4
AUTOMÁTICAMENTE
 14,13,7
AVANZADA
 5,17
AVATAR
 60,58
AZAR
 10,9
AÑO
 14,4,3
AÑOS
 4
AÚN
 60,58,55,53,50,45,43,40,38,35,33,30,28,25,23
