HA
 60,58,55,50,45,43,40,38,35,33,30,28,25,23,6
HABILITADO
 60,58,59,50,49
HABILITAR
 61,51,47
HABILITAR/DESHABILITAR
 61,51
HABILITARSE
 57
HACER
 60,58,11,7,53,55,6,59,56,54,50,49,46,45,44,43,41,40,39,38,36,35,34,33,31,30,29,28,26,25,24,23,15,10,4,61,51,18,17,16,3,20,19,9,8,5
HACIA
 57,52,48,42,37,32,27,22,15,9,5,3
HACIENDO
 11,61,60,58,57,56,52,51,48,46,42,41,37,36,32,31,27,26,22,16,15,9,5,3
HAN
 15,57,52,48
HARÁ
 60,58
HASTA
 61,56,51,46,41,36,31,26,19
HECHO
 59,54,49,44,39,34,29,24,19,18
HOJA
 4
HOJAS
 4
HORA
 14,9,3
HORAS
 4
